0.000000
9.000000
180.000000
0.000000
9.000000
180.000000
0.000000
9.000000
180.000000
0.000000
9.000000
180.000000
0.000000
9.000000
180.000000
0.000000
9.000000
180.000000
0.000000
9.000000
180.000000
0.000000
9.000000
180.000000
0.000000
9.000000
180.000000
0.000000
9.000000
180.000000
0.000000
9.000000
180.000000
0.000000
9.000000
180.000000
0.000000
9.000000
180.000000
0.000000
9.000000
180.000000
0.000000
9.000000
180.000000
0.000000
9.000000
180.000000
0.000000
9.000000
180.000000
0.000000
9.000000
180.000000
0.000000
9.000000
180.000000
0.000000
9.000000
180.000000
0.000000
9.000000
180.000000
0.000000
9.000000
180.000000
0.000000
9.000000
180.000000
0.000000
9.000000
180.000000
0.000000
9.000000
180.000000
0.000000
9.000000
180.000000
0.000000
9.000000
180.000000
0.000000
9.000000
180.000000
0.000000
9.000000
180.000000
0.000000
9.000000
180.000000
0.000000
9.000000
180.000000
0.000000
9.000000
180.000000
0.000000
2.250000
180.000000
0.000000
0.810000
180.000000
0.000000
0.000000
180.000000
0.000000
0.000000
180.000000
0.000000
0.000000
180.000000
0.000000
0.000000
180.000000
0.000000
0.000000
180.000000
0.000000
0.000000
180.000000
0.000000
0.000000
180.000000
0.000000
0.000000
180.000000
0.000000
0.000000
180.000000
0.000000
0.000000
180.000000
0.000000
0.000000
180.000000
0.000000
0.000000
180.000000
0.000000
0.000000
180.000000
0.000000
0.000000
180.000000
0.000000
0.000000
180.000000
0.000000
-0.810000
180.000000
0.000000
-3.240000
180.000000
0.000000
-5.760000
180.000000
0.000000
-7.290000
180.000000
0.000000
-9.000000
180.000000
0.000000
-9.000000
180.000000
0.000000
-9.000000
180.000000
0.000000
-7.290000
180.000000
0.000000
-1.440000
180.000000
0.000000
-0.360000
180.000000
0.000000
0.000000
180.000000
0.000000
0.000000
180.000000
0.000000
0.000000
180.000000
0.000000
0.000000
180.000000
0.000000
0.000000
180.000000
0.000000
0.000000
180.000000
0.000000
0.000000
180.000000
0.000000
0.000000
180.000000
0.000000
0.000000
180.000000
0.000000
0.000000
180.000000
0.000000
0.000000
180.000000
0.000000
0.000000
180.000000
0.000000
0.000000
180.000000
0.000000
0.000000
180.000000
0.000000
0.000000
180.000000
0.000000
0.000000
180.000000
0.000000
0.000000
180.000000
0.000000
0.000000
180.000000
0.000000
0.000000
180.000000
0.000000
0.000000
180.000000
0.000000
0.000000
180.000000
0.000000
0.000000
180.000000
0.000000
0.000000
180.000000
1.000000
0.000000
180.000000
0.000000
0.000000
180.000000
0.000000
0.000000
180.000000
0.000000
0.000000
180.000000
0.000000
0.000000
180.000000
0.000000
0.000000
180.000000
0.000000
0.000000
180.000000
0.000000
0.000000
180.000000
0.000000
0.000000
180.000000
0.000000
0.000000
180.000000
0.000000
0.000000
180.000000
0.000000
0.000000
180.000000
0.000000
0.000000
180.000000
0.000000
0.000000
180.000000
0.000000
0.000000
180.000000
0.000000
0.000000
180.000000
0.000000
0.000000
180.000000
0.000000
0.000000
180.000000
0.000000
0.000000
180.000000
0.000000
0.000000
180.000000
0.000000
0.000000
180.000000
0.000000
0.000000
180.000000
0.000000
0.000000
180.000000
0.000000
0.000000
180.000000
0.000000
0.000000
180.000000
0.000000
0.000000
180.000000
0.000000
0.000000
180.000000
0.000000
0.000000
180.000000
0.000000
0.000000
180.000000
0.000000
0.000000
180.000000
0.000000
0.000000
180.000000
0.000000
0.000000
180.000000
0.000000
0.000000
180.000000
0.000000
0.000000
180.000000
0.000000
0.000000
180.000000
0.000000
0.000000
180.000000
0.000000
0.000000
180.000000
0.000000
0.000000
180.000000
0.000000
0.000000
180.000000
0.000000
0.000000
180.000000
0.000000
0.000000
180.000000
0.000000
0.000000
180.000000
0.000000
0.000000
180.000000
0.000000
0.000000
180.000000
0.000000
0.000000
180.000000
0.000000
0.000000
180.000000
0.000000
0.000000
180.000000
0.000000
0.000000
180.000000
0.000000
0.000000
180.000000
0.000000
0.000000
180.000000
0.000000
0.000000
180.000000
0.000000
0.000000
180.000000
0.000000
0.000000
180.000000
0.000000
0.000000
180.000000
0.000000
0.000000
180.000000
0.000000
0.000000
180.000000
0.000000
0.000000
180.000000
0.000000
0.000000
180.000000
0.000000
0.000000
180.000000
0.000000
0.000000
180.000000
0.000000
0.000000
180.000000
0.000000
0.000000
180.000000
0.000000
0.000000
180.000000
0.000000
0.000000
180.000000
0.000000
0.000000
180.000000
0.000000
0.000000
180.000000
0.000000
0.000000
180.000000
0.000000
0.000000
180.000000
0.000000
0.000000
180.000000
0.000000
0.000000
180.000000
0.000000
0.000000
180.000000
0.000000
0.000000
180.000000
0.000000
2.250000
180.000000
0.000000
0.810000
180.000000
0.000000
0.000000
180.000000
0.000000
0.000000
180.000000
0.000000
0.000000
180.000000
0.000000
0.000000
180.000000
0.000000
0.000000
180.000000
0.000000
0.000000
180.000000
0.000000
0.090000
180.000000
0.000000
0.810000
180.000000
0.000000
2.250000
180.000000
0.000000
4.409999
180.000000
0.000000
7.290000
180.000000
0.000000
9.000000
180.000000
0.000000
9.000000
180.000000
0.000000
9.000000
180.000000
0.000000
9.000000
180.000000
0.000000
9.000000
180.000000
0.000000
9.000000
180.000000
0.000000
9.000000
180.000000
0.000000
9.000000
180.000000
0.000000
9.000000
180.000000
0.000000
9.000000
180.000000
0.000000
9.000000
180.000000
0.000000
9.000000
180.000000
0.000000
9.000000
180.000000
0.000000
9.000000
180.000000
0.000000
9.000000
180.000000
0.000000
7.290000
180.000000
0.000000
3.240000
180.000000
0.000000
0.810000
180.000000
0.000000
0.000000
180.000000
0.000000
0.000000
180.000000
0.000000
0.000000
180.000000
0.000000
0.000000
180.000000
0.000000
0.000000
180.000000
0.000000
0.000000
180.000000
0.000000
0.000000
180.000000
0.000000
0.000000
180.000000
0.000000
0.000000
180.000000
0.000000
0.000000
180.000000
0.000000
0.000000
180.000000
0.000000
0.000000
180.000000
0.000000
0.000000
180.000000
0.000000
0.000000
180.000000
0.000000
0.000000
180.000000
0.000000
0.000000
180.000000
0.000000
0.000000
180.000000
0.000000
0.000000
180.000000
0.000000
0.000000
180.000000
0.000000
0.000000
180.000000
0.000000
-0.090000
180.000000
0.000000
-1.440000
180.000000
0.000000
-3.240000
180.000000
0.000000
-5.760000
180.000000
0.000000
-7.290000
180.000000
0.000000
-3.240000
180.000000
0.000000
-0.810000
180.000000
0.000000
0.000000
180.000000
0.000000
0.000000
180.000000
0.000000
0.000000
180.000000
0.000000
0.000000
180.000000
0.000000
0.000000
180.000000
0.000000
0.000000
180.000000
0.000000
0.000000
180.000000
0.000000
0.000000
180.000000
0.000000
0.000000
180.000000
0.000000
0.000000
180.000000
0.000000
0.000000
180.000000
0.000000
0.000000
180.000000
0.000000
0.000000
180.000000
0.000000
0.000000
180.000000
0.000000
0.000000
180.000000
0.000000
0.000000
180.000000
0.000000
0.000000
180.000000
0.000000
0.000000
180.000000
1.000000
0.000000
180.000000
0.000000
0.000000
180.000000
0.000000
0.000000
180.000000
0.000000
0.000000
180.000000
0.000000
0.000000
180.000000
0.000000
0.000000
180.000000
0.000000
0.000000
180.000000
0.000000
0.000000
180.000000
0.000000
0.000000
180.000000
0.000000
0.000000
180.000000
0.000000
0.000000
180.000000
0.000000
0.000000
180.000000
0.000000
0.000000
180.000000
0.000000
0.000000
180.000000
0.000000
0.000000
180.000000
0.000000
0.000000
180.000000
0.000000
0.000000
180.000000
0.000000
0.000000
180.000000
0.000000
0.000000
180.000000
0.000000
0.000000
180.000000
0.000000
0.000000
180.000000
0.000000
0.000000
180.000000
0.000000
0.000000
180.000000
0.000000
0.000000
180.000000
0.000000
0.000000
180.000000
0.000000
0.000000
180.000000
0.000000
0.000000
180.000000
0.000000
0.000000
180.000000
0.000000
0.000000
180.000000
0.000000
0.000000
180.000000
0.000000
0.000000
180.000000
0.000000
0.000000
180.000000
0.000000
0.000000
180.000000
0.000000
0.000000
180.000000
0.000000
0.000000
180.000000
0.000000
0.000000
180.000000
0.000000
0.000000
180.000000
0.000000
0.000000
180.000000
0.000000
-9.000000
180.000000
0.000000
-9.000000
180.000000
0.000000
-9.000000
180.000000
0.000000
-9.000000
180.000000
0.000000
-9.000000
180.000000
0.000000
-9.000000
180.000000
0.000000
-9.000000
180.000000
0.000000
-9.000000
180.000000
0.000000
-9.000000
180.000000
0.000000
-9.000000
180.000000
0.000000
-9.000000
180.000000
0.000000
-9.000000
180.000000
0.000000
-9.000000
180.000000
0.000000
-9.000000
180.000000
0.000000
-9.000000
180.000000
0.000000
-9.000000
180.000000
0.000000
-9.000000
180.000000
0.000000
-9.000000
180.000000
0.000000
-9.000000
180.000000
0.000000
-9.000000
180.000000
0.000000
-9.000000
180.000000
0.000000
-9.000000
180.000000
0.000000
-9.000000
180.000000
0.000000
-9.000000
180.000000
0.000000
-9.000000
180.000000
0.000000
-9.000000
180.000000
0.000000
-9.000000
180.000000
0.000000
-9.000000
180.000000
0.000000
-9.000000
180.000000
0.000000
-9.000000
180.000000
0.000000
-9.000000
180.000000
0.000000
-9.000000
180.000000
0.000000
-7.290000
180.000000
0.000000
-4.409999
180.000000
0.000000
-1.440000
180.000000
0.000000
-0.090000
180.000000
0.000000
0.000000
180.000000
0.000000
0.000000
180.000000
0.000000
0.000000
180.000000
0.000000
0.810000
180.000000
0.000000
2.250000
180.000000
0.000000
5.760000
180.000000
0.000000
7.290000
180.000000
0.000000
9.000000
180.000000
0.000000
9.000000
180.000000
0.000000
9.000000
180.000000
0.000000
9.000000
180.000000
0.000000
9.000000
180.000000
0.000000
9.000000
180.000000
0.000000
4.409999
180.000000
0.000000
1.440000
180.000000
0.000000
0.360000
180.000000
0.000000
0.000000
180.000000
0.000000
0.000000
180.000000
0.000000
0.000000
180.000000
0.000000
0.000000
180.000000
0.000000
0.000000
180.000000
0.000000
0.000000
180.000000
0.000000
0.000000
180.000000
0.000000
0.000000
180.000000
0.000000
0.000000
180.000000
0.000000
0.000000
180.000000
0.000000
0.000000
180.000000
0.000000
0.000000
180.000000
0.000000
0.000000
180.000000
0.000000
0.000000
180.000000
0.000000
0.000000
180.000000
0.000000
0.000000
180.000000
0.000000
0.000000
180.000000
0.000000
0.000000
180.000000
0.000000
0.000000
180.000000
0.000000
0.000000
180.000000
0.000000
0.000000
180.000000
0.000000
0.000000
180.000000
0.000000
0.000000
180.000000
0.000000
0.000000
180.000000
0.000000
-0.360000
180.000000
0.000000
-1.440000
180.000000
0.000000
-4.409999
180.000000
0.000000
-7.290000
180.000000
0.000000
-9.000000
180.000000
0.000000
-9.000000
180.000000
0.000000
-9.000000
180.000000
0.000000
-9.000000
180.000000
0.000000
-9.000000
180.000000
0.000000
-7.290000
180.000000
0.000000
-2.250000
180.000000
0.000000
-0.360000
180.000000
0.000000
0.000000
180.000000
0.000000
0.000000
180.000000
0.000000
0.000000
180.000000
0.000000
0.000000
180.000000
0.000000
0.000000
180.000000
0.000000
0.000000
180.000000
0.000000
0.000000
180.000000
0.000000
0.000000
180.000000
0.000000
0.000000
180.000000
0.000000
0.000000
180.000000
0.000000
0.000000
180.000000
0.000000
0.000000
180.000000
0.000000
0.000000
180.000000
0.000000
0.000000
180.000000
0.000000
0.000000
180.000000
0.000000
0.000000
180.000000
0.000000
0.000000
180.000000
0.000000
0.000000
180.000000
0.000000
0.000000
180.000000
0.000000
0.000000
180.000000
0.000000
0.000000
180.000000
0.000000
0.000000
180.000000
0.000000
0.000000
180.000000
0.000000
0.000000
180.000000
0.000000
0.000000
180.000000
0.000000
0.000000
180.000000
0.000000
0.000000
180.000000
0.000000
0.000000
180.000000
0.000000
0.000000
180.000000
0.000000
0.000000
180.000000
0.000000
0.000000
180.000000
0.000000
0.000000
180.000000
0.000000
0.000000
180.000000
0.000000
0.000000
180.000000
1.000000
0.000000
180.000000
0.000000
0.000000
180.000000
0.000000
0.000000
180.000000
0.000000
0.000000
180.000000
0.000000
0.000000
180.000000
0.000000
0.000000
180.000000
0.000000
0.000000
180.000000
0.000000
0.000000
180.000000
0.000000
0.000000
180.000000
0.000000
0.000000
180.000000
0.000000
0.000000
180.000000
0.000000
0.000000
180.000000
0.000000
0.000000
180.000000
0.000000
0.000000
180.000000
0.000000
0.000000
180.000000
0.000000
0.000000
180.000000
0.000000
0.000000
180.000000
0.000000
0.000000
180.000000
0.000000
0.000000
180.000000
0.000000
0.000000
180.000000
0.000000
0.000000
180.000000
0.000000
0.000000
180.000000
0.000000
0.000000
180.000000
0.000000
0.000000
180.000000
0.000000
0.000000
180.000000
0.000000
0.000000
180.000000
0.000000
0.000000
180.000000
0.000000
0.000000
180.000000
0.000000
0.000000
180.000000
0.000000
0.000000
180.000000
0.000000
0.000000
180.000000
0.000000
0.000000
180.000000
0.000000
0.000000
180.000000
0.000000
0.000000
180.000000
0.000000
0.000000
180.000000
0.000000
0.000000
180.000000
0.000000
0.000000
180.000000
0.000000
0.000000
180.000000
0.000000
0.000000
180.000000
0.000000
0.000000
180.000000
0.000000
0.000000
180.000000
0.000000
0.000000
180.000000
0.000000
0.000000
180.000000
0.000000
0.000000
180.000000
0.000000
0.000000
180.000000
0.000000
0.000000
180.000000
0.000000
0.000000
180.000000
0.000000
0.000000
180.000000
0.000000
0.000000
180.000000
0.000000
0.000000
180.000000
0.000000
0.000000
180.000000
0.000000
0.000000
180.000000
0.000000
0.000000
180.000000
0.000000
0.000000
180.000000
0.000000
0.000000
180.000000
0.000000
0.000000
180.000000
0.000000
0.000000
180.000000
0.000000
0.000000
180.000000
0.000000
0.000000
180.000000
0.000000
0.000000
180.000000
0.000000
0.000000
180.000000
0.000000
0.000000
180.000000
0.000000
0.000000
180.000000
0.000000
0.000000
180.000000
0.000000
0.000000
180.000000
0.000000
0.000000
180.000000
0.000000
0.000000
180.000000
0.000000
0.000000
180.000000
0.000000
0.000000
180.000000
0.000000
0.000000
180.000000
0.000000
0.000000
180.000000
0.000000
0.000000
180.000000
0.000000
9.000000
180.000000
0.000000
9.000000
180.000000
0.000000
9.000000
180.000000
0.000000
9.000000
180.000000
0.000000
9.000000
180.000000
0.000000
9.000000
180.000000
0.000000
9.000000
180.000000
0.000000
9.000000
180.000000
0.000000
9.000000
180.000000
0.000000
9.000000
180.000000
0.000000
9.000000
180.000000
0.000000
9.000000
180.000000
0.000000
9.000000
180.000000
0.000000
9.000000
180.000000
0.000000
9.000000
180.000000
0.000000
9.000000
180.000000
0.000000
9.000000
180.000000
0.000000
9.000000
180.000000
0.000000
9.000000
180.000000
0.000000
9.000000
180.000000
0.000000
9.000000
180.000000
0.000000
9.000000
180.000000
0.000000
9.000000
180.000000
0.000000
9.000000
180.000000
0.000000
9.000000
180.000000
0.000000
9.000000
180.000000
0.000000
9.000000
180.000000
0.000000
9.000000
180.000000
0.000000
9.000000
180.000000
0.000000
9.000000
180.000000
0.000000
5.760000
180.000000
0.000000
1.440000
180.000000
0.000000
0.090000
180.000000
0.000000
0.000000
180.000000
0.000000
0.000000
180.000000
0.000000
0.000000
180.000000
0.000000
0.000000
180.000000
0.000000
0.000000
180.000000
0.000000
0.000000
180.000000
0.000000
0.000000
180.000000
0.000000
0.000000
180.000000
0.000000
0.000000
180.000000
0.000000
0.000000
180.000000
0.000000
0.000000
180.000000
0.000000
0.000000
180.000000
0.000000
0.000000
180.000000
0.000000
0.000000
180.000000
0.000000
0.000000
180.000000
0.000000
0.000000
180.000000
0.000000
0.000000
180.000000
0.000000
0.000000
180.000000
0.000000
0.000000
180.000000
0.000000
0.000000
180.000000
0.000000
0.000000
180.000000
0.000000
0.000000
180.000000
0.000000
0.000000
180.000000
0.000000
0.000000
180.000000
0.000000
0.000000
180.000000
1.000000
0.000000
180.000000
0.000000
0.000000
180.000000
0.000000
0.000000
180.000000
0.000000
0.000000
180.000000
0.000000
0.000000
180.000000
0.000000
0.000000
180.000000
0.000000
0.000000
180.000000
0.000000
0.000000
180.000000
0.000000
0.000000
180.000000
0.000000
0.000000
180.000000
0.000000
0.000000
180.000000
0.000000
0.000000
180.000000
0.000000
0.000000
180.000000
0.000000
0.000000
180.000000
0.000000
0.000000
180.000000
0.000000
0.000000
180.000000
0.000000
0.000000
180.000000
0.000000
0.000000
180.000000
0.000000
0.000000
180.000000
0.000000
0.000000
180.000000
0.000000
0.000000
180.000000
0.000000
0.000000
180.000000
0.000000
0.000000
180.000000
0.000000
0.000000
180.000000
0.000000
0.000000
180.000000
0.000000
0.000000
180.000000
0.000000
0.000000
180.000000
0.000000
0.000000
180.000000
0.000000
0.000000
180.000000
0.000000
0.000000
180.000000
0.000000
0.000000
180.000000
0.000000
0.000000
180.000000
0.000000
0.000000
180.000000
0.000000
0.000000
180.000000
0.000000
0.000000
180.000000
0.000000
0.000000
180.000000
0.000000
0.000000
180.000000
0.000000
0.000000
180.000000
0.000000
0.000000
180.000000
0.000000
0.000000
180.000000
0.000000
0.000000
180.000000
0.000000
0.000000
180.000000
0.000000
0.000000
180.000000
0.000000
0.000000
180.000000
0.000000
0.000000
180.000000
0.000000
0.000000
180.000000
0.000000
0.000000
180.000000
0.000000
0.000000
180.000000
0.000000
0.000000
180.000000
0.000000
0.000000
180.000000
0.000000
0.000000
180.000000
0.000000
-9.000000
180.000000
0.000000
-9.000000
180.000000
0.000000
-9.000000
180.000000
0.000000
-9.000000
180.000000
0.000000
-9.000000
180.000000
0.000000
-9.000000
180.000000
0.000000
-9.000000
180.000000
0.000000
-9.000000
180.000000
0.000000
-9.000000
180.000000
0.000000
-9.000000
180.000000
0.000000
-9.000000
180.000000
0.000000
-9.000000
180.000000
0.000000
-9.000000
180.000000
0.000000
-9.000000
180.000000
0.000000
-9.000000
180.000000
0.000000
-9.000000
180.000000
0.000000
-9.000000
180.000000
0.000000
-9.000000
180.000000
0.000000
-9.000000
180.000000
0.000000
-9.000000
180.000000
0.000000
-9.000000
180.000000
0.000000
-9.000000
180.000000
0.000000
-9.000000
180.000000
0.000000
-9.000000
180.000000
0.000000
-9.000000
180.000000
0.000000
-9.000000
180.000000
0.000000
-9.000000
180.000000
0.000000
-9.000000
180.000000
0.000000
-9.000000
180.000000
0.000000
-9.000000
180.000000
0.000000
-9.000000
180.000000
0.000000
-9.000000
180.000000
0.000000
-9.000000
180.000000
0.000000
-9.000000
180.000000
0.000000
-9.000000
180.000000
0.000000
-9.000000
180.000000
0.000000
-9.000000
180.000000
0.000000
-9.000000
180.000000
0.000000
-9.000000
180.000000
0.000000
-9.000000
180.000000
0.000000
-9.000000
180.000000
0.000000
-9.000000
180.000000
0.000000
-9.000000
180.000000
0.000000
-9.000000
180.000000
0.000000
-9.000000
180.000000
0.000000
-9.000000
180.000000
0.000000
-9.000000
180.000000
0.000000
-9.000000
180.000000
0.000000
-9.000000
180.000000
0.000000
-9.000000
180.000000
0.000000
-9.000000
180.000000
0.000000
-9.000000
180.000000
0.000000
-9.000000
180.000000
0.000000
-9.000000
180.000000
0.000000
-9.000000
180.000000
0.000000
-9.000000
180.000000
0.000000
-9.000000
180.000000
0.000000
-9.000000
180.000000
0.000000
-9.000000
180.000000
0.000000
-7.290000
180.000000
0.000000
-4.409999
180.000000
0.000000
-2.250000
180.000000
0.000000
-0.090000
180.000000
0.000000
0.000000
180.000000
0.000000
0.000000
180.000000
0.000000
0.000000
180.000000
0.000000
0.000000
180.000000
0.000000
0.000000
180.000000
0.000000
0.000000
180.000000
0.000000
0.000000
180.000000
0.000000
0.000000
180.000000
0.000000
0.000000
180.000000
0.000000
0.000000
180.000000
0.000000
0.000000
180.000000
0.000000
0.000000
180.000000
0.000000
0.000000
180.000000
0.000000
0.000000
180.000000
0.000000
0.000000
180.000000
0.000000
0.000000
180.000000
0.000000
0.000000
180.000000
0.000000
0.000000
180.000000
0.000000
0.000000
180.000000
0.000000
0.000000
180.000000
0.000000
0.000000
180.000000
0.000000
0.810000
180.000000
0.000000
2.250000
180.000000
0.000000
4.409999
180.000000
0.000000
2.250000
180.000000
0.000000
0.360000
180.000000
0.000000
0.000000
180.000000
0.000000
0.000000
180.000000
0.000000
0.000000
180.000000
0.000000
0.000000
180.000000
0.000000
0.000000
180.000000
0.000000
0.000000
180.000000
0.000000
0.000000
180.000000
0.000000
0.000000
180.000000
0.000000
0.000000
180.000000
0.000000
0.000000
180.000000
0.000000
0.000000
180.000000
0.000000
0.000000
180.000000
0.000000
0.000000
180.000000
0.000000
0.000000
180.000000
0.000000
0.000000
180.000000
0.000000
0.000000
180.000000
0.000000
0.000000
180.000000
0.000000
0.000000
180.000000
0.000000
0.000000
180.000000
0.000000
0.000000
180.000000
0.000000
0.000000
180.000000
0.000000
0.000000
180.000000
1.000000
0.000000
180.000000
0.000000
0.000000
180.000000
0.000000
0.000000
180.000000
0.000000
0.000000
180.000000
0.000000
0.000000
180.000000
0.000000
0.000000
180.000000
0.000000
0.000000
180.000000
0.000000
0.000000
180.000000
0.000000
0.000000
180.000000
0.000000
0.000000
180.000000
0.000000
0.000000
180.000000
0.000000
0.000000
180.000000
0.000000
0.000000
180.000000
0.000000
0.000000
180.000000
0.000000
0.000000
180.000000
0.000000
0.000000
180.000000
0.000000
0.000000
180.000000
0.000000
0.000000
180.000000
0.000000
0.000000
180.000000
0.000000
0.000000
180.000000
0.000000
0.000000
180.000000
0.000000
0.000000
180.000000
0.000000
0.000000
180.000000
0.000000
0.000000
180.000000
0.000000
0.000000
180.000000
0.000000
0.000000
180.000000
0.000000
0.000000
180.000000
0.000000
0.000000
180.000000
0.000000
0.000000
180.000000
0.000000
0.000000
180.000000
0.000000
0.000000
180.000000
0.000000
0.000000
180.000000
0.000000
0.000000
180.000000
0.000000
0.000000
180.000000
0.000000
0.000000
180.000000
0.000000
0.000000
180.000000
0.000000
0.000000
180.000000
0.000000
0.000000
180.000000
0.000000
0.000000
180.000000
0.000000
0.000000
180.000000
0.000000
0.000000
180.000000
0.000000
0.000000
180.000000
0.000000
0.000000
180.000000
0.000000
0.000000
180.000000
0.000000
0.000000
180.000000
0.000000
0.000000
180.000000
0.000000
0.000000
180.000000
0.000000
0.000000
180.000000
0.000000
0.000000
180.000000
0.000000
0.000000
180.000000
0.000000
0.000000
180.000000
0.000000
0.000000
180.000000
0.000000
0.000000
180.000000
0.000000
0.000000
180.000000
0.000000
0.000000
180.000000
0.000000
9.000000
179.360001
0.000000
9.000000
178.720001
0.000000
9.000000
178.080002
0.000000
9.000000
177.440002
0.000000
7.290000
176.800003
0.000000
4.409999
176.160004
0.000000
1.440000
175.520004
0.000000
0.360000
174.880005
0.000000
0.000000
174.240005
0.000000
0.000000
173.600006
0.000000
0.000000
172.960007
0.000000
0.000000
172.320007
0.000000
-0.090000
171.680008
0.000000
-1.440000
171.040009
0.000000
-4.409999
170.400009
0.000000
-7.290000
169.760010
0.000000
-9.000000
169.120010
0.000000
-9.000000
168.480011
0.000000
-9.000000
167.840012
0.000000
-9.000000
167.200012
0.000000
-9.000000
166.560013
0.000000
-9.000000
165.920013
0.000000
-9.000000
165.280014
0.000000
-9.000000
164.640015
0.000000
-9.000000
164.000015
0.000000
-9.000000
163.360016
0.000000
-9.000000
162.720016
0.000000
-9.000000
162.080017
0.000000
-9.000000
161.440018
0.000000
-9.000000
160.800018
0.000000
-9.000000
160.486420
0.000000
-9.000000
160.428818
0.000000
-9.000000
160.428818
0.000000
-9.000000
160.428818
0.000000
-9.000000
160.428818
0.000000
-9.000000
160.428818
0.000000
-9.000000
160.428818
0.000000
-9.000000
160.428818
0.000000
-9.000000
160.428818
0.000000
-9.000000
160.428818
0.000000
-9.000000
160.428818
0.000000
-7.290000
160.428818
0.000000
-3.240000
160.527466
0.000000
-1.440000
160.657944
0.000000
0.000000
160.715881
0.000000
0.810000
160.715881
0.000000
3.240000
160.715881
0.000000
7.290000
160.715881
0.000000
9.000000
160.741486
0.000000
9.000000
160.843887
0.000000
9.000000
161.157486
0.000000
9.000000
161.797485
0.000000
5.760000
162.437485
0.000000
3.240000
163.077484
0.000000
0.810000
163.717484
0.000000
0.000000
164.357483
0.000000
0.000000
164.997482
0.000000
0.000000
165.637482
0.000000
0.000000
166.277481
0.000000
0.000000
166.917480
0.000000
0.000000
167.557480
0.000000
0.000000
168.197479
0.000000
0.000000
168.837479
0.000000
0.000000
169.477478
0.000000
0.000000
170.117477
0.000000
0.000000
170.757477
0.000000
0.000000
171.397476
0.000000
0.000000
172.037476
0.000000
0.000000
172.677475
0.000000
0.000000
173.317474
0.000000
0.000000
173.957474
0.000000
-0.090000
174.597473
0.000000
-2.250000
175.237473
0.000000
-5.760000
175.877472
0.000000
-7.290000
176.517471
0.000000
-9.000000
177.157471
0.000000
-9.000000
177.797470
0.000000
-9.000000
178.437469
0.000000
-9.000000
179.077469
0.000000
-9.000000
179.717468
0.000000
-9.000000
180.235870
0.000000
-9.000000
180.395874
0.000000
-9.000000
180.421478
0.000000
-9.000000
180.421478
0.000000
-9.000000
180.421478
0.000000
-9.000000
180.421478
0.000000
-5.760000
180.421478
0.000000
-1.440000
180.421478
0.000000
-0.090000
180.421478
0.000000
0.000000
180.421478
0.000000
0.000000
180.421478
0.000000
0.000000
180.421478
0.000000
0.000000
180.421478
0.000000
0.000000
180.421478
0.000000
0.000000
180.421478
0.000000
0.000000
180.421478
0.000000
0.000000
180.421478
0.000000
0.000000
180.421478
0.000000
0.000000
180.421478
0.000000
0.000000
180.421478
0.000000
0.000000
180.421478
0.000000
0.000000
180.421478
0.000000
0.000000
180.421478
0.000000
0.000000
180.421478
0.000000
0.000000
180.421478
0.000000
0.000000
180.421478
0.000000
0.360000
180.421478
0.000000
3.240000
180.421478
0.000000
5.760000
180.421478
0.000000
7.290000
180.421478
0.000000
5.760000
180.421478
0.000000
2.250000
180.421478
0.000000
0.810000
180.421478
0.000000
0.000000
180.421478
0.000000
0.000000
180.421478
0.000000
0.000000
180.421478
0.000000
0.000000
180.421478
0.000000
0.000000
180.421478
0.000000
0.000000
180.421478
0.000000
0.000000
180.421478
0.000000
0.000000
180.421478
0.000000
0.000000
180.421478
0.000000
0.000000
180.421478
0.000000
0.000000
180.421478
0.000000
0.000000
180.421478
0.000000
0.000000
180.421478
0.000000
0.000000
180.421478
0.000000
0.000000
180.421478
0.000000
0.000000
180.421478
0.000000
0.000000
180.421478
0.000000
0.000000
180.421478
0.000000
0.000000
180.421478
0.000000
0.000000
180.421478
0.000000
0.000000
180.421478
0.000000
0.000000
180.421478
0.000000
0.000000
180.421478
0.000000
0.000000
180.421478
0.000000
0.000000
180.421478
0.000000
0.000000
180.421478
0.000000
0.000000
180.421478
0.000000
0.000000
180.421478
0.000000
0.000000
180.421478
0.000000
0.000000
180.421478
0.000000
0.000000
180.421478
0.000000
0.000000
180.421478
0.000000
0.000000
180.421478
0.000000
0.000000
180.421478
0.000000
0.000000
180.421478
0.000000
0.000000
180.421478
0.000000
0.000000
180.421478
0.000000
0.000000
180.421478
0.000000
0.000000
180.421478
0.000000
0.000000
180.421478
0.000000
0.000000
180.421478
0.000000
0.000000
180.421478
0.000000
0.000000
180.421478
0.000000
0.000000
180.421478
0.000000
0.000000
180.421478
0.000000
0.000000
180.421478
0.000000
0.000000
180.421478
0.000000
0.000000
180.421478
0.000000
0.000000
180.421478
0.000000
0.000000
180.421478
0.000000
0.000000
180.421478
0.000000
0.000000
180.421478
0.000000
0.000000
180.421478
0.000000
0.000000
180.421478
1.000000
0.000000
180.421478
0.000000
0.000000
180.421478
0.000000
0.000000
180.421478
0.000000
0.000000
180.421478
0.000000
0.000000
180.421478
0.000000
0.000000
180.421478
0.000000
0.000000
180.421478
0.000000
0.000000
180.421478
0.000000
0.000000
180.421478
0.000000
0.000000
180.421478
0.000000
0.000000
180.421478
0.000000
0.000000
180.421478
0.000000
0.000000
180.421478
0.000000
0.000000
180.421478
0.000000
0.000000
180.421478
0.000000
0.000000
180.421478
0.000000
0.000000
180.421478
0.000000
0.000000
180.421478
0.000000
0.000000
180.421478
0.000000
0.000000
180.421478
0.000000
0.000000
180.421478
0.000000
0.000000
180.421478
0.000000
0.000000
180.421478
0.000000
0.000000
180.421478
0.000000
0.000000
180.421478
0.000000
0.000000
180.421478
0.000000
0.000000
180.421478
0.000000
0.000000
180.421478
0.000000
0.000000
180.421478
0.000000
0.000000
180.421478
0.000000
0.000000
180.421478
0.000000
0.000000
180.421478
0.000000
0.000000
180.421478
0.000000
0.000000
180.421478
0.000000
0.000000
180.421478
0.000000
0.000000
180.421478
0.000000
0.000000
180.421478
0.000000
0.000000
180.421478
0.000000
0.000000
180.421478
0.000000
0.000000
180.421478
0.000000
0.000000
180.421478
0.000000
0.000000
180.421478
0.000000
0.000000
180.421478
0.000000
0.000000
180.421478
0.000000
0.000000
180.421478
0.000000
0.000000
180.421478
0.000000
0.000000
180.421478
0.000000
0.000000
180.421478
0.000000
0.000000
180.421478
0.000000
0.000000
180.421478
0.000000
0.000000
180.421478
0.000000
0.000000
180.421478
0.000000
0.000000
180.421478
0.000000
0.000000
180.421478
0.000000
0.000000
180.421478
0.000000
0.000000
180.421478
0.000000
0.000000
180.421478
0.000000
0.000000
180.421478
0.000000
0.000000
180.421478
0.000000
0.000000
180.421478
0.000000
0.000000
180.421478
0.000000
0.000000
180.421478
0.000000
0.000000
180.421478
0.000000
0.000000
180.421478
0.000000
0.000000
180.421478
0.000000
0.000000
180.421478
0.000000
0.000000
180.421478
